# DATA

# C1 : capture au premier passage (lignes = années / colonnes = sites)
# C2  : capture au deuxième passage (lignes = années / colonnes = sites)
# S : surface de chaque site, chaque année (lignes = années / colonnes = sites)

# indice h : 2 habitats (radier, pc= p)

# Indices des données manquantes
# I_C2NA <- c(9, 10, 12, 13, 14, 32, 42, 57, 60, 61, 64, 77, 79, 80, 81, 82, 83, 84, 89, 90, 91, 92, 93, 94, 
# 100, 102, 104, 110, 112, 113, 114, 117, 120, 121, 122, 124, 129, 130, 131, 132, 138, 139, 142, 143, 
# 147, 149, 151, 152, 159, 160, 165, 166, 168, 169, 170, 176, 178, 179, 180, 185, 186, 187, 188, 189, 190)

list(

# i=1,...,20 = Indices for year 1985-2005 BUT with year 1990 missing
ny = 20,

# Smolts data available for cohorts 1986-2003 (cohorts matches with 0+)
# smolts = c(249,536,838,881,169,757,216,634,823,1002,482,1198,75,2563,1795,2509,789,1315),
# N=169 corresponds to year 1990 for which no 0+ juveniles are available

# Smolts data with year indices that matche with 0+ cohorts
smolts = c(NA,249,536,838,881,757,216,634,823,1002,482,1198,75,2563,1795,2509,789,1315,NA,NA),

n = 190,   
# (attention, les données manquantes en C1 ont été enlevées)

Y=c(
1, 1, 1, 1, 1, 1, 1, 
2, 2, 2, 2, 2, 2, 2, 
3, 3, 3, 3, 3, 3, 3, 3, 3, 3, 
4, 4, 4, 4, 4, 4, 4, 4, 4, 4, 
5, 5, 5, 5, 5, 5, 5, 5, 5, 5, 
6, 6, 6, 6, 6, 6, 6, 6, 6, 6, 
7, 7, 7, 7, 7, 7, 7, 7, 7, 7, 
8, 8, 8, 8, 8, 8, 8, 8, 8, 8, 
9, 9, 9, 9, 9, 9, 9, 9, 9, 9, 
10, 10, 10, 10, 10, 10, 10, 10, 10, 10, 
11, 11, 11, 11, 11, 11, 11, 11, 11, 11, 
12, 12, 12, 12, 12, 12, 12, 12, 12, 12, 
13, 13, 13, 13, 13, 13, 13, 13, 13, 13, 
14, 14, 14, 14, 14, 14, 14, 14, 14, 
15, 15, 15, 15, 15, 15, 15, 15, 15, 15, 
16, 16, 16, 16, 16, 16, 16, 16, 16, 
17, 17, 17, 17, 17, 17, 17, 17, 
18, 18, 18, 18, 18, 18, 18, 18, 18, 18, 
19, 19, 19, 19, 19, 19, 19, 19, 19, 19, 
20, 20, 20, 20, 20, 20, 20, 20, 20, 20),

nsy = c(7, 14, 24, 34, 44, 54, 64, 74, 84, 94, 104, 114, 124, 133, 143, 152, 160, 170, 180, 190),

H=c(
1, 1, 1, 1, 2, 2, 2,
1, 1, 1, 1, 2, 2, 2, 
1, 1, 1, 1, 2, 2, 2, 2, 2, 2,
1, 1, 1, 1, 2, 2, 2, 2, 2, 2,
1, 1, 1, 1, 2, 2, 2, 2, 2, 2,
1, 1, 1, 1, 2, 2, 2, 2, 2, 2,
1, 1, 1, 1, 2, 2, 2, 2, 2, 2,
1, 1, 1, 1, 2, 2, 2, 2, 2, 2,
1, 1, 1, 1, 2, 2, 2, 2, 2, 2,
1, 1, 1, 1, 2, 2, 2, 2, 2, 2,
1, 1, 1, 1, 2, 2, 2, 2, 2, 2,
1, 1, 1, 1, 2, 2, 2, 2, 2, 2,
1, 1, 1, 1, 2, 2, 2, 2, 2, 2,
1, 1, 1, 1, 2, 2, 2, 2, 2, 
1, 1, 1, 1, 2, 2, 2, 2, 2, 2,
1, 1, 1, 1, 2, 2, 2, 2, 2, 
1, 1, 1, 2, 2, 2, 2, 2, 
1, 1, 1, 1, 2, 2, 2, 2, 2, 2,
1, 1, 1, 1, 2, 2, 2, 2, 2, 2,
1, 1, 1, 1, 2, 2, 2, 2, 2, 2),

C1=c(
7, 73, 37, 73, 25, 1, 16,
35, 23, 5, 22, 15, 0, 3,
3, 5, 2, 20, 0, 1, 3, 1, 0, 0,
20, 56, 6, 30, 14, 0, 3, 0, 2, 0,
19, 54, 9, 57, 11, 0, 0, 2, 3, 0,
28, 39, 7, 14, 2, 4, 1, 3, 1, 0,
6, 1, 1, 14, 0, 0, 1, 0, 0, 0,
16, 2, 11, 5, 0, 1, 1, 1, 0, 1,
5, 9, 2, 3, 0, 1, 0, 0, 0, 0,
13, 23, 17, 24, 2, 1, 4, 0, 0, 1,
32, 15, 0, 4, 8, 0, 0, 1, 0, 0,
79, 70, 2, 50, 12, 0, 4, 1, 3, 0,
3, 2, 0, 0, 1, 0, 0, 0, 0, 0,
30, 12, 5, 37, 7, 8, 8, 1, 1, 
27, 21, 21, 36, 0, 6, 19, 3, 0, 11,
74, 33, 21, 49, 15, 3, 12, 1, 4, 
21, 25, 3, 0, 3, 0, 0, 0, 
31, 33, 11, 62, 4, 1, 16, 1, 0, 2,
24, 65, 2, 0, 12, 0, 0, 0, 3, 0,
40, 45, 16, 22, 6, 8, 6, 0, 0, 5),

C2=c(
0, 7, 4, 5, 3, 0, 0,
2, NA, NA, 3, NA, NA, NA,
0, 0, 1, 1, 0, 0, 0, 0, 0, 0,
5, 3, 1, 2, 1, 0, 1, NA, 1, 0,
1, 4, 2, 6, 1, 0, 2, NA, 1, 0,
3, 5, 0, 1, 0, 0, 0, 0, 0, 1,
3, 0, NA, 0, 0, NA, NA, 0, 0, NA,
7, 1, 2, 0, 0, 1, 0, 0, 0, 0,
1, 1, NA, 0, NA, NA, NA, NA, NA, NA,
6, 6, 2, 5, NA, NA, NA, NA, NA, NA,
11, 2, 2, 0, 0, NA, 4, NA, 0, NA,
13, 17, 0, 6, 1, NA, 1, NA, NA, NA,
0, 0, NA, 0, 0, NA, NA, NA, 0, NA,
5, 1, 2, 3, NA, NA, NA, NA, 0, 
7, 4, 3, 10, NA, NA, 3, 0, NA, NA,
27, 12, 1, NA, 3, NA, 2, NA, NA, 
8, 15, 1, 0, 0, 0, NA, NA, 
4, 11, 0, 12, NA, NA, 2, NA, NA, NA,
5, 12, 0, 0, 1, NA, 0, NA, NA, NA,
9, 12, 3, 1, NA, NA, NA, NA, NA, NA),

S=c(
3.16, 3.55, 6.66, 3.60, 3.42, 2.86, 3.98, 
3.16, 3.55, 6.66, 3.60, 3.42, 2.86, 3.98, 
3.40, 3.55, 1.89, 1.64, 1.37, 1.90, 1.11, 2.62, 1.54, 1.31,
3.40, 3.55, 1.72, 1.64, 1.37, 1.31, 1.11, 2.62, 1.54, 0.65,
3.40, 3.55, 1.72, 1.64, 1.37, 1.31, 1.11, 2.62, 1.54, 0.65,
3.40, 3.55, 1.72, 1.64, 1.37, 1.31, 1.11, 2.62, 1.54, 0.65,
3.40, 3.55, 1.72, 1.64, 1.37, 1.31, 1.11, 2.62, 1.54, 0.65,
3.40, 3.55, 1.72, 1.64, 1.37, 1.31, 1.11, 2.62, 1.54, 0.65,
3.40, 3.55, 1.72, 1.64, 1.37, 1.31, 1.11, 2.62, 1.54, 0.65,
3.40, 3.55, 1.72, 1.64, 1.37, 1.31, 1.11, 2.62, 1.54, 0.65,
3.40, 3.55, 1.72, 1.64, 1.37, 1.31, 1.11, 2.62, 1.54, 0.65,
3.40, 3.55, 1.72, 1.64, 1.37, 1.31, 1.11, 2.62, 1.54, 0.65,
3.40, 3.55, 1.72, 1.64, 1.37, 1.31, 1.11, 2.62, 1.54, 0.65,
3.40, 3.55, 1.72, 1.64, 1.37, 1.31, 1.11, 2.62, 1.54, 
3.40, 3.55, 1.72, 1.64, 1.37, 1.31, 1.11, 2.62, 1.54, 0.65,
3.40, 3.55, 1.72, 1.64, 1.37, 1.31, 1.11, 2.62, 1.54, 
3.40, 3.55, 1.72, 1.37, 1.31, 1.11, 2.62, 1.54, 
3.40, 3.55, 1.72, 1.64, 1.37, 1.31, 1.11, 2.62, 1.54, 0.65,
3.40, 3.55, 1.72, 1.64, 1.37, 1.31, 1.11, 2.62, 1.54, 0.65,
3.40, 3.55, 1.72, 1.64, 1.37, 1.31, 1.11, 2.62, 1.54, 0.65),

Dat = c(
1, 1, 1, 1, 1, 1, 1, 
1, 0, 0, 1, 0, 0, 0, 
1, 1, 1, 1, 1, 1, 1, 1, 1, 1,
1, 1, 1, 1, 1, 1, 1, 0, 1, 1,
1, 1, 1, 1, 1, 1, 1, 0, 1, 1,
1, 1, 1, 1, 1, 1, 1, 1, 1, 1,
1, 1, 0, 1, 1, 0, 0, 1, 1, 0,
1, 1, 1, 1, 1, 1, 1, 1, 1, 1,
1, 1, 0, 1, 0, 0, 0, 0, 0, 0,
1, 1, 1, 1, 0, 0, 0, 0, 0, 0,
1, 1, 1, 1, 1, 0, 1, 0, 1, 0,
1, 1, 1, 1, 1, 0, 1, 0, 0, 0,
1, 1, 0, 1, 1, 0, 0, 0, 1, 0,
1, 1, 1, 1, 0, 0, 0, 0, 1, 
1, 1, 1, 1, 0, 0, 1, 1, 0, 0,
1, 1, 1, 0, 1, 0, 1, 0, 0, 
1, 1, 1, 1, 1, 1, 0, 0, 
1, 1, 1, 1, 0, 0, 1, 0, 0, 0,
1, 1, 1, 1, 1, 0, 1, 0, 0, 0,
1, 1, 1, 1, 0, 0, 0, 0, 0, 0
),

# Number of sites for extrapolation

n_sites_ex=structure(.Data=c(
29, 76,
29, 76,
49, 159,
50, 183,
50, 183,
50, 183,
50, 183,
50, 183,
50, 183,
50, 183,
50, 183,
50, 183,
50, 183,
50, 165,
50, 183,
50, 165, 
45, 165,
50, 183,
50, 183,
50, 183
),.Dim=c(20,2)),

# Mean surface per site per habitat type (for extrapolation)

s_ex=structure(.Data=c(
4.20, 3.43,
4.20, 3.43,
2.62, 1.64,
2.57, 1.43,
2.57, 1.43,
2.57, 1.43,
2.57, 1.43,
2.57, 1.43,
2.57, 1.43,
2.57, 1.43,
2.57, 1.43,
2.57, 1.43,
2.57, 1.43,
2.57, 1.59,
2.57, 1.43,
2.57, 1.59, 
2.89, 1.59,
2.57, 1.43,
2.57, 1.43,
2.57, 1.43
),.Dim=c(20,2))

) 
